20863088
410754
25311856
23861175
13705777
1755924
8733958
24557659
1626114
27775068
28176300
11042474
26633903
18544395
4691885
15110913
29288789
7495328
21817273
6938409
20935214
3882895
22660306
2862049
2374225
17116341
17356738
1066227
17148552
29059371
3125111
26392313
29349495
12015168
26900124
16282063
28882952
15813932
23152769
30254638
29902016
13594465
10405004
18967379
22199627
11243625
1687052
26381237
19824199
30404268
4991281
27805014
18872444
14543335
26550885
18453842
12719905
4518562
6986240
16449827
14920600
281970
16270830
20342405
19577514
22958717
30004100
19149266
12825909
5271967
