4146549780
4144214259
4264833482
2765337881
4144956151
4264173849
4241381517
4143326106
2125702716
4125400370
2766802514
2129902822
4142426033
2761600894
2763002164
4164176483
4122914050
4243236250
2765369691
4265966752
4124380706
2769503631
2763244636
2124317198
4241320260
4242039965
2128538953
4149209189
2126044441
2126883686
4265088739
4262124430
4166653006
4144433147
4249266278
2126982432
4266136063
4167038441
4163414647
4147146167
4148521990
2121433891
2122380012
2761520309
4166392943
4162769265
2762185784
4144884926
2764429235
4261015946
4128712384
4261666986
4269195163
4266719343
4243825731
2123763709
2764972748
2125112612
4242037252
4248618069
4247800913
4168265811
4147778021
4245559915
4268190531
2129181835
4247264301
2128653491
2763124320
2121004268
